[  7.28364765e-03  -3.08722806e-02  -6.52914857e-01  -7.87494421e-01
   2.88037935e-01   8.93430047e-01   2.77478100e+06]
[  2.20892457e-02   5.13722834e-01  -6.32100677e-02  -8.76571848e-01
  -9.21232045e-01  -2.01147313e-01   2.87293900e+06]
[  8.29188337e-01  -5.11951853e-01   8.94296795e-01   1.54430162e-01
   1.28625240e-03   3.00724050e-01   4.93749800e+06]
[  4.33215426e-01  -4.58812177e-02   1.31010207e-02  -3.13235032e-01
  -8.98142578e-01   6.54044489e-01   2.13631830e+07]
[  2.39391957e-01  -2.98687638e-01   1.19731848e+00   2.21596608e-02
   7.00258777e-01   4.27407520e-01   6.58349400e+06]
[ -3.33065106e-02  -2.22694366e-01  -6.02599179e-01  -3.22483763e-01
  -3.50689129e-01   1.53502272e+00   6.46785900e+06]
[  2.65358309e-01  -5.66320628e-02  -3.72060695e-01  -8.14671427e-01
   3.95111109e-01   3.26948528e-01   2.25993870e+07]
[  1.47570716e-01  -8.33813651e-02  -3.08465237e-02  -8.77154954e-01
  -6.47146091e-01  -1.18663701e-01   2.03956440e+07]
[  3.43763380e-01   5.46942692e-01  -5.30929930e-01  -1.09969140e+00
  -3.26997530e-01   4.94606278e-01   2.17589610e+07]
[  6.59626833e-02   1.61746700e-01   2.65378937e-01  -8.19009150e-01
   4.21322492e-02   2.20689355e-01   2.84682900e+06]
[  1.26989896e-01  -1.60602526e-02   4.27853845e-01  -3.58736665e-01
   1.32385588e-01  -4.46748244e-02   2.21977020e+07]
[  6.24698271e-03   4.29380137e-02  -2.24200294e-01  -3.41533563e-01
  -1.55320409e-01   3.20466003e-02   1.94684560e+07]
[  5.67515613e-01  -1.79002437e-01  -1.92942260e-01  -3.01668020e-02
   8.62469361e-03   2.80585453e-02   4.63051000e+06]
[  3.99661319e-01   1.13607653e-01  -8.93641025e-02   3.31413455e-01
   2.04317074e-01   7.11804417e-01   3.50926800e+06]
[  1.27544776e-01   3.70428027e-02  -3.06920876e-01   4.19123621e-03
  -2.92017382e-02  -6.95292791e-01   5.75222000e+05]
[  1.27544776e-01   3.70428027e-02  -3.06920876e-01   4.19123621e-03
  -2.92017382e-02  -6.95292791e-01   1.55757900e+06]
[  3.69888684e-01  -7.17386003e-02  -9.68602050e-02   4.24494980e-01
  -5.86783082e-01   5.31136654e-01   3.24149200e+06]
[  3.69888684e-01  -7.17386003e-02  -9.68602050e-02   4.24494980e-01
  -5.86783082e-01   5.31136654e-01   3.83121100e+06]
[  5.55930993e-01   1.45837317e-01   1.00630115e-01   2.19775947e-01
  -3.05417498e-01   5.04233487e-01   3.29453700e+06]
[  6.11615389e-01   4.90875083e-01   8.02315421e-02  -3.47348871e-01
  -2.06561414e-01   4.70126227e-01   2.97495900e+06]
[  6.19636362e-01   4.92023247e-01   6.10936281e-02  -6.59667720e-01
   3.64753328e-02   3.04068819e-01   2.95234100e+06]
[  7.28746511e-01   1.45837923e-01   1.31015787e-02   4.25666536e-01
  -7.56313659e-02   7.92893221e-01   3.31246600e+06]
[  7.28746511e-01   1.45837923e-01   1.31015787e-02   4.25666536e-01
  -7.56313659e-02   7.92893221e-01   3.31246600e+06]
[  7.28746511e-01   1.45837923e-01   1.31015787e-02   4.25666536e-01
  -7.56313659e-02   7.92893221e-01   3.31246600e+06]
[  1.03080743e-01   7.30582208e-01  -1.75808961e-02  -1.82753053e-01
   6.66731782e-01  -3.91612727e-03   2.79952300e+06]
[  2.31680062e-01   7.16078981e-04   4.57321696e-02  -2.16925804e-01
   5.75136577e-01   2.25866631e-01   2.85343400e+06]
[  4.89638896e-01   1.04189108e-01  -2.96390993e-01  -3.48761127e-01
  -8.54167531e-01  -5.83467523e-02   3.21749600e+06]
[  4.35415700e-01  -1.71641920e-01  -2.55503019e-02  -2.29737036e-01
  -2.07405683e-02   5.15856048e-01   3.19800300e+06]
[  2.14997764e-01   4.35320066e-02  -1.01895523e-01  -2.72223253e-01
  -3.72284638e-01   3.00833303e-02   3.06978000e+06]
[  1.06710098e+00   9.91481307e-02   3.39118980e-01  -6.12336497e-01
   4.81151502e-02   1.83138605e-01   2.91882700e+06]
[  3.20430821e-01  -1.82939481e-01   1.14403602e-01   2.94939395e-01
   3.45714264e-01   4.33997165e-01   3.42103700e+06]
[  8.35876190e-01   3.25292120e-01  -8.00253979e-01  -1.18003634e-01
  -4.14509667e-01   9.56984765e-01   4.94548310e+07]
[  2.40491290e-01   7.03165744e-02   6.92813248e-02  -1.99263483e-01
  -1.28977676e-01   2.91767031e-01   4.85678580e+07]
[ -1.24415998e-02  -1.23495616e-02  -5.11553251e-02  -6.74092828e-01
  -2.51359849e-02   2.35339735e-01   1.27798243e+08]
[ -1.24415998e-02  -1.23495616e-02  -5.11553251e-02  -6.74092828e-01
  -2.51359849e-02   2.35339735e-01   1.27798243e+08]
[ -1.24415998e-02  -1.23495616e-02  -5.11553251e-02  -6.74092828e-01
  -2.51359849e-02   2.35339735e-01   1.27798243e+08]
[  2.47890450e-01  -2.85230676e-01  -4.00499464e-01  -6.35173319e-02
   8.34388974e-01  -2.50068198e-01   2.01419000e+05]
[  2.48433339e-01  -5.30723242e-02  -1.56437124e-01  -1.96287389e-01
   6.77686342e-02   8.00825170e-01   6.59843500e+06]
[ -1.68940607e-01   4.61191709e-01   1.00228800e-01  -2.64734236e-01
  -5.17078537e-01   9.01654112e-01   6.49558500e+06]
[  6.35777747e-02   3.26622370e-01   5.71311482e-01   6.12759736e-02
  -1.22749049e+00  -9.91339454e-02   3.51137500e+06]
[  3.73535309e-01   5.54745223e-01  -2.00394100e-01   3.39944485e-01
   3.94853278e-01  -2.52759741e-02   2.93789900e+06]
[ -6.58291766e-02   4.27661087e-01  -4.28749665e-02   2.42475581e-01
  -3.39899879e-02   2.01950623e-01   2.15351300e+06]
[ -6.58291766e-02   4.27661087e-01  -4.28749665e-02   2.42475581e-01
  -3.39899879e-02   2.01950623e-01   2.15351300e+06]
[ -6.58291766e-02   4.27661087e-01  -4.28749665e-02   2.42475581e-01
  -3.39899879e-02   2.01950623e-01   2.15351300e+06]
[  3.97374719e-01   1.34463596e+00   1.87828585e-01   2.42930534e-01
   6.59842842e-01  -7.28578785e-02   2.50590300e+06]
[  2.30460377e-01   2.03865717e-01   8.91485800e-02  -1.26747432e-01
  -1.04955586e-01   1.44627563e+00   6.23475200e+06]
[  7.66929808e-01   1.13897279e+00  -3.02117155e-02  -1.92604438e-01
  -1.02473296e-01  -2.66353095e-01   2.82324000e+05]
[  1.21445543e+00   6.53507184e-02   3.95409169e-01  -1.08737262e+00
  -8.97618352e-01   2.58095921e-02   2.04947200e+06]
[  1.38751688e-01   3.37344769e-01   2.33648091e-02  -7.66975238e-01
  -8.21089810e-01   1.33566623e-01   6.70888000e+05]
[  1.56524152e+00   1.35779991e-01   8.80276150e-01   7.44700357e-02
   9.66306375e-01   4.06882396e-01   1.44978300e+06]
[  4.81452118e-02   8.95611923e-02   1.51170636e-01   2.66043002e-01
   8.11688136e-01   1.00260916e-01   1.84069600e+06]
[  5.12957048e-01   4.92235751e-02  -5.10690458e-01  -4.42160127e-01
  -3.74956365e-01   5.61477831e-01   3.16790700e+06]
[ -7.46035985e-01   1.84643226e-01   6.23075613e-02  -1.10790555e-01
   2.23839224e-01   1.28236508e+00   1.99891900e+06]
[ -4.42297935e-01   1.47935020e-01  -3.42140655e-01   3.98066599e-01
  -5.18903864e-01   2.71403656e-01   3.06209600e+06]
[  2.70033102e-02  -1.39664331e-01   5.78001822e-02   4.34807619e-01
  -3.33413591e-01   9.05846157e-02   3.64041400e+06]
[ -3.12154392e-02   5.91419783e-01  -4.86108540e-02   2.65558450e-01
   4.61890125e-01   6.16251206e-02   1.60393140e+07]
[ -3.12154392e-02   5.91419783e-01  -4.86108540e-02   2.65558450e-01
   4.61890125e-01   6.16251206e-02   4.03551000e+06]
[ -2.26724661e-02   8.35597981e-01  -9.90420568e-03  -2.65755256e-01
  -2.94680075e-01   8.76912505e-02   1.81550530e+07]
[-0.02267247  0.83559798 -0.00990421 -0.26575526 -0.29468008  0.08769125
  0.        ]
[ -2.50607681e-01   3.12855598e-01   1.95920697e-01   1.15754430e-01
  -4.73380064e-02   4.63655404e-01   1.86451310e+07]
[-0.25060768  0.3128556   0.1959207   0.11575443 -0.04733801  0.4636554   0.        ]
[-0.30760554 -0.10282898 -0.11336026  0.11645841  0.1877197   0.19395894
  0.        ]
[-0.30760554 -0.10282898 -0.11336026  0.11645841  0.1877197   0.19395894
  0.        ]
[ -1.03009582e-01   2.17451150e-02   2.72409780e-02  -2.24526322e-01
   5.51193547e-01   3.67933173e-01   3.16008130e+07]
[ -1.03009582e-01   2.17451150e-02   2.72409780e-02  -2.24526322e-01
   5.51193547e-01   3.67933173e-01   2.07198620e+07]
[ -1.62288363e-01   4.20703824e-01   2.63914768e-01  -7.21572887e-02
  -1.64366239e-02   2.23428888e-01   3.14666150e+07]
[ -1.62288363e-01   4.20703824e-01   2.63914768e-01  -7.21572887e-02
  -1.64366239e-02   2.23428888e-01   1.96481130e+07]
[  9.02145554e-02   6.48471550e-02  -4.21802224e-02  -1.96629935e-01
  -1.99917570e-01   5.53569188e-01   1.53761110e+07]
[  9.02145554e-02   6.48471550e-02  -4.21802224e-02  -1.96629935e-01
  -1.99917570e-01   5.53569188e-01   9.28632800e+06]
[ -2.15034039e-02   8.47533174e-02  -9.38001742e-04  -3.95699684e-02
  -8.33161900e-02   7.70938161e-01   1.38886640e+07]
[ -2.15034039e-02   8.47533174e-02  -9.38001742e-04  -3.95699684e-02
  -8.33161900e-02   7.70938161e-01   2.84677120e+07]
[ -8.61673512e-02   1.18920242e-01   3.77245416e-01  -6.00176153e-02
  -1.50815824e-02   3.50398281e-01   3.16048630e+07]
[ -8.61673512e-02   1.18920242e-01   3.77245416e-01  -6.00176153e-02
  -1.50815824e-02   3.50398281e-01   2.04300670e+07]
[  1.36484983e-01   5.70478753e-02  -9.34067463e-02  -1.93397263e-01
  -1.10965827e-01   4.03520226e-01   2.34440000e+07]
[  1.36484983e-01   5.70478753e-02  -9.34067463e-02  -1.93397263e-01
  -1.10965827e-01   4.03520226e-01   3.63293720e+07]
[ -2.00502938e-01   0.00000000e+00  -1.16108466e-01   0.00000000e+00
   0.00000000e+00   9.18381687e-01   3.36811360e+07]
[ -2.00502938e-01   0.00000000e+00  -1.16108466e-01   0.00000000e+00
   0.00000000e+00   9.18381687e-01   1.76539420e+07]
[ -2.45794538e-01   0.00000000e+00   2.09950810e-01   0.00000000e+00
   0.00000000e+00   5.01159304e-01   3.20819020e+07]
[ -2.45794538e-01   0.00000000e+00   2.09950810e-01   0.00000000e+00
   0.00000000e+00   5.01159304e-01   2.07966030e+07]
[ -6.67232522e-02   0.00000000e+00   7.87968992e-01   0.00000000e+00
   0.00000000e+00  -1.18388175e-01   4.06769980e+07]
[ -6.67232522e-02   0.00000000e+00   7.87968992e-01   0.00000000e+00
   0.00000000e+00  -1.18388175e-01   2.70179210e+07]
[  5.72675291e-01   0.00000000e+00   2.65280156e-01   0.00000000e+00
   0.00000000e+00  -1.62044538e-01   1.75152440e+07]
[  5.72675291e-01   0.00000000e+00   2.65280156e-01   0.00000000e+00
   0.00000000e+00  -1.62044538e-01   1.09190260e+07]
[  4.75602006e-01   0.00000000e+00   2.13507265e-01   0.00000000e+00
   0.00000000e+00  -3.10890716e-01   1.96246440e+07]
[  4.75602006e-01   0.00000000e+00   2.13507265e-01   0.00000000e+00
   0.00000000e+00  -3.10890716e-01   3.99376310e+07]
[  8.47128705e-01   0.00000000e+00   1.00901017e-01   0.00000000e+00
   0.00000000e+00  -5.19702733e-02   2.30234020e+07]
[  8.47128705e-01   0.00000000e+00   1.00901017e-01   0.00000000e+00
   0.00000000e+00  -5.19702733e-02   4.16608190e+07]
[ -1.98795238e-02   0.00000000e+00   6.23916868e-01   0.00000000e+00
   0.00000000e+00   6.12269177e-01   3.53322550e+07]
[ -1.98795238e-02   0.00000000e+00   6.23916868e-01   0.00000000e+00
   0.00000000e+00   6.12269177e-01   1.94276920e+07]
[  8.29009962e-01   0.00000000e+00   1.00803663e-01   0.00000000e+00
   0.00000000e+00  -5.57096800e-02   2.31716960e+07]
[  8.29009962e-01   0.00000000e+00   1.00803663e-01   0.00000000e+00
   0.00000000e+00  -5.57096800e-02   4.16433990e+07]
[  8.47043898e-01   0.00000000e+00   1.01602279e-01   0.00000000e+00
   0.00000000e+00  -5.13538326e-02   2.30237310e+07]
[  8.47043898e-01   0.00000000e+00   1.01602279e-01   0.00000000e+00
   0.00000000e+00  -5.13538326e-02   4.16248160e+07]
[  3.30357155e-01   4.12511545e-02  -2.65757831e-01   0.00000000e+00
   0.00000000e+00   0.00000000e+00   2.32768450e+07]
[  3.30357155e-01   4.12511545e-02  -2.65757831e-01   0.00000000e+00
   0.00000000e+00   0.00000000e+00   3.64064230e+07]
[  5.68766818e-01   2.64376205e-01  -1.63566011e-01   0.00000000e+00
   0.00000000e+00   0.00000000e+00   1.50019080e+07]
[  5.68766818e-01   2.64376205e-01  -1.63566011e-01   0.00000000e+00
   0.00000000e+00   0.00000000e+00   1.00412170e+07]
[  6.96996049e-01   2.54389648e-01  -4.86142921e-02   0.00000000e+00
   0.00000000e+00   0.00000000e+00   1.37638130e+07]
[  6.96996049e-01   2.54389648e-01  -4.86142921e-02   0.00000000e+00
   0.00000000e+00   0.00000000e+00   2.90141530e+07]
[ -7.79992437e-02   7.04971104e-01   2.38176371e-01   0.00000000e+00
   0.00000000e+00   0.00000000e+00   3.21463790e+07]
[ -7.79992437e-02   7.04971104e-01   2.38176371e-01   0.00000000e+00
   0.00000000e+00   0.00000000e+00   1.96590950e+07]
[  8.47348719e-01   1.01085972e-01  -5.15653189e-02   0.00000000e+00
   0.00000000e+00   0.00000000e+00   2.22715370e+07]
[  8.47348719e-01   1.01085972e-01  -5.15653189e-02   0.00000000e+00
   0.00000000e+00   0.00000000e+00   3.67063790e+07]
[ -2.29499879e-01   6.46993418e-01  -3.27797455e-01  -2.71480035e-02
  -1.72633684e-02  -2.87578104e-02   1.04491943e+05]
[ -2.29499879e-01   6.46993418e-01  -3.27797455e-01  -2.71480035e-02
  -1.72633684e-02  -2.87578104e-02   1.61373799e+05]
[ -1.56363363e-02   5.93546476e-01   2.04137408e-03   2.33288923e-03
   3.53389177e-01   2.65077972e-02   1.08206612e+05]
[ -1.56363363e-02   5.93546476e-01   2.04137408e-03   2.33288923e-03
   3.53389177e-01   2.65077972e-02   6.80716000e+04]
[  2.10442327e-01   1.60162808e-01  -1.25619494e-01  -2.31565127e-01
  -1.41397680e-01   1.33891294e-01   7.72155700e+04]
[  2.10442327e-01   1.60162808e-01  -1.25619494e-01  -2.31565127e-01
  -1.41397680e-01   1.33891294e-01   1.11057432e+05]
[  8.93776461e-02   3.91839230e-02  -3.28772091e-02  -5.74136856e-01
  -2.62365787e-01  -6.53744489e-03   2.58038120e+04]
[  8.93776461e-02   3.91839230e-02  -3.28772091e-02  -5.74136856e-01
  -2.62365787e-01  -6.53744489e-03   3.87901300e+03]
[ -1.11575942e-02   1.54147955e-01  -2.26775169e-02  -1.39102457e-01
  -4.84459676e-01   1.87847172e-01   4.05622380e+04]
[ -1.11575942e-02   1.54147955e-01  -2.26775169e-02  -1.39102457e-01
  -4.84459676e-01   1.87847172e-01   5.15648880e+04]
[ -5.36889083e-02   6.33404967e-02  -1.71329546e-01  -1.26289892e-01
  -5.16383214e-02   5.33829698e-01   6.97941820e+04]
[ -5.36889083e-02   6.33404967e-02  -1.71329546e-01  -1.26289892e-01
  -5.16383214e-02   5.33829698e-01   1.17976722e+05]
[ -2.68701967e-02   1.42034392e-01  -2.45734689e-02  -1.14833830e-01
  -4.64460433e-01   2.26859012e-01   4.13546180e+04]
[ -2.68701967e-02   1.42034392e-01  -2.45734689e-02  -1.14833830e-01
  -4.64460433e-01   2.26859012e-01   5.82562110e+04]
[ -7.25303859e-02   1.69736685e-02  -4.92056538e-01  -4.52526747e-01
  -2.79495981e-02   6.60055551e-02   9.31413060e+04]
[ -7.25303859e-02   1.69736685e-02  -4.92056538e-01  -4.52526747e-01
  -2.79495981e-02   6.60055551e-02   1.25424378e+05]
[  1.05674755e-02   1.24062914e-03  -1.07043419e-01  -6.14391635e-01
   3.97388035e-02   2.22335701e-01   5.44009461e+05]
[  1.05674755e-02   1.24062914e-03  -1.07043419e-01  -6.14391635e-01
   3.97388035e-02   2.22335701e-01   2.45415445e+05]
[  1.90625253e-01   1.37259791e-01  -1.10281289e-01  -2.92078885e-01
  -3.49700271e-02   1.67774706e-01   7.51717860e+04]
[  1.90625253e-01   1.37259791e-01  -1.10281289e-01  -2.92078885e-01
  -3.49700271e-02   1.67774706e-01   1.19956114e+05]
[ -4.69115136e-02  -6.58492147e-02   1.25331940e-01  -7.61963762e-02
  -1.46492714e-01   5.38879227e-01   2.60520730e+04]
[ -4.69115136e-02  -6.58492147e-02   1.25331940e-01  -7.61963762e-02
  -1.46492714e-01   5.38879227e-01   3.75557200e+03]
[  1.31758096e-01  -6.30195235e-03  -5.04600731e-01  -1.05709135e-01
  -1.02179517e-01   1.78207232e-01   6.24223338e+05]
[  1.31758096e-01  -6.30195235e-03  -5.04600731e-01  -1.05709135e-01
  -1.02179517e-01   1.78207232e-01   1.39394557e+05]
[ 0.2634002  -0.32193919  0.1769093   0.12575063  0.09841256 -0.01358782
  0.        ]
[ 0.2634002  -0.32193919  0.1769093   0.12575063  0.09841256 -0.01358782
  0.        ]
[ 0.20391591 -0.09981297 -0.11672051  0.28806632  0.12815988 -0.16332439
  0.        ]
[ 0.20391591 -0.09981297 -0.11672051  0.28806632  0.12815988 -0.16332439
  0.        ]
[-0.02570018 -0.38666699  0.04857019 -0.40105062 -0.01154101 -0.1457586   0.        ]
[-0.02570018 -0.38666699  0.04857019 -0.40105062 -0.01154101 -0.1457586   0.        ]
[  6.39398009e-01   3.79033260e-01  -1.42183369e-01  -2.63208705e-01
  -1.11540055e-01   4.02107103e-01   7.24005510e+04]
[  6.39398009e-01   3.79033260e-01  -1.42183369e-01  -2.63208705e-01
  -1.11540055e-01   4.02107103e-01   1.14715569e+05]
[  1.27829798e+00   7.84540375e-01  -5.40576523e-01  -1.83007372e+00
  -4.94630842e-01   7.87818463e-03   7.96246320e+04]
[  1.27829798e+00   7.84540375e-01  -5.40576523e-01  -1.83007372e+00
  -4.94630842e-01   7.87818463e-03   1.12119270e+05]
[  1.40137730e+00   3.70077232e-01  -2.83620897e-01   6.54423259e-01
   1.44567652e+00   1.85178637e-01   8.18185830e+04]
[  1.40137730e+00   3.70077232e-01  -2.83620897e-01   6.54423259e-01
   1.44567652e+00   1.85178637e-01   1.07186447e+05]
[  5.24924448e-01   4.82747785e-01  -3.86054347e-01   3.85778069e-01
  -2.40415937e-01  -4.45816405e-01   8.83230380e+04]
[  5.24924448e-01   4.82747785e-01  -3.86054347e-01   3.85778069e-01
  -2.40415937e-01  -4.45816405e-01   2.44359020e+04   6.46651500e+03
   3.60456800e+03   1.58427680e+04   5.59375700e+03   5.62774500e+03
   3.37322900e+03   3.22358500e+03   4.16692000e+03   2.57740900e+03
   6.77888200e+03   4.56982700e+03   1.43246780e+04   2.52568000e+03
   8.44199900e+03]
[  1.31257626e+00   5.32955528e-01  -2.80645710e-01   1.88419710e-01
  -1.19453611e-01   1.71665658e+00   7.13490480e+04]
[  1.31257626e+00   5.32955528e-01  -2.80645710e-01   1.88419710e-01
  -1.19453611e-01   1.71665658e+00   2.46633050e+04   6.46544300e+03
   3.64691100e+03   1.62092290e+04   5.80689000e+03   5.86845700e+03
   3.80681200e+03   2.91939300e+03   3.92357800e+03   2.77416800e+03
   6.20435100e+03   4.07527100e+03   1.23515460e+04   2.54336000e+03
   9.77783100e+03]
[  2.14234703e-01   1.62934913e-01  -5.46583434e-01  -8.96750887e-01
  -3.86831890e-01   2.19136349e-02   8.55672810e+04]
[  3.38612967e-01   2.85131604e-01  -3.91582598e-01   2.32495480e-01
   7.82899806e-01   1.69024427e-01   8.74802090e+04]
[  3.38612967e-01   2.85131604e-01  -3.91582598e-01   2.32495480e-01
   7.82899806e-01   1.69024427e-01   1.80638880e+04   5.90105800e+03
   7.36107100e+03   1.41794560e+04   5.24534700e+03   6.19860400e+03
   4.85789000e+03   3.47415800e+03   4.05147000e+03   2.88685900e+03
   6.45393200e+03   4.63795400e+03   2.33067380e+04   2.51729200e+03
   9.24024200e+03]
[  3.38612967e-01   2.85131604e-01  -3.91582598e-01   2.32495480e-01
   7.82899806e-01   1.69024427e-01   2.05856168e+05]
[  1.33113097e+00   4.76919595e-01   2.40063678e-01   2.72871831e-01
  -4.47404682e-02   1.80122272e-01   2.65506800e+03   8.58169200e+03
   1.87252600e+03   5.30522300e+03   2.52916400e+03   7.42488500e+03
   4.32629500e+03   3.72420400e+03   3.84608400e+03   3.82281800e+03
   6.37220600e+03   4.10844700e+03   2.17324900e+03   6.46939900e+03
   9.59563800e+03   2.45374420e+04   6.36670500e+03   3.59476700e+03
   1.63743470e+04   6.09934400e+03   5.88247800e+03   3.93380800e+03
   3.02302500e+03   4.20886300e+03   2.87297900e+03   7.11607600e+03
   4.89002800e+03   1.35316160e+04   2.32280900e+03   9.01779400e+03]
[  1.01834779e+00   3.75320400e-01  -4.77489364e-01   4.16608833e-02
   5.30774679e-01  -3.26869462e-01   2.62005900e+03   1.29300320e+04
   1.82787500e+03   5.82368600e+03   2.88474000e+03   8.63025200e+03
   3.92614800e+03   3.58311200e+03   3.80549500e+03   4.34664600e+03
   8.33539000e+03   4.04660400e+03   2.06289400e+03   6.27580800e+03
   8.25376700e+03   2.55796980e+04   6.54281100e+03   3.68444000e+03
   1.66273750e+04   5.84712800e+03   5.82370000e+03   3.81111500e+03
   3.01223200e+03   3.81942900e+03   2.68555200e+03   6.98773600e+03
   3.76601500e+03   1.65373550e+04   2.51181400e+03   9.49289900e+03]
[ -1.10158615e-02   1.54818345e-01  -2.31152487e-02  -1.42088674e-01
  -4.86491572e-01   1.87905639e-01   1.29975000e+03   2.29418300e+03
   3.41559400e+03   1.71373900e+03   7.41225000e+02   1.68755400e+03
   4.13123300e+03   3.80135900e+03   3.70494500e+03   2.45471400e+03
   4.57236100e+03   3.43322900e+03   3.26719800e+03   3.03363300e+03
   1.01152100e+03   2.62323000e+03   1.87359200e+03   3.91741000e+02
   1.33479500e+03   1.35165100e+03   8.27648400e+03   1.99909600e+03
   6.68325900e+03   9.63573800e+03   2.60108600e+03   5.15788700e+03
   1.93158100e+03   2.07278400e+03   3.53808900e+03   2.13340700e+03]
[ -5.34123837e-02   6.16496731e-02  -1.70954623e-01  -1.28985422e-01
  -5.11577937e-02   5.33944788e-01   2.94630200e+03   1.23568700e+03
   1.91946300e+03   2.92628000e+03   2.22073400e+03   5.72665500e+03
   1.60777010e+04   1.36378390e+04   3.95814900e+03   1.25228900e+04
   1.51994000e+03   4.08274000e+02   1.49622500e+03   2.47141800e+03
   5.62675000e+02   9.37652300e+03   1.47692370e+04   1.69925100e+03
   1.51055320e+04   4.69901400e+03   3.71654300e+03   5.10641300e+03
   7.80313000e+03   4.29904800e+03   2.15126100e+03   2.21448720e+04
   3.51151700e+03   2.36672800e+03   1.66036180e+04   4.05878900e+03]
[ -2.47221059e-02   2.44356165e-01  -5.30099090e-03  -1.67667191e-01
  -7.54303074e-02   5.33432317e-01   6.14256600e+03   1.94726340e+04
   6.35653000e+03   3.08726000e+03   1.10502310e+04   7.80456100e+03
   3.72664100e+03   3.61637500e+03   2.23216300e+03   1.24735600e+03
   7.64240400e+03   8.34107900e+03   6.45327900e+03   5.47192800e+03
   8.29170200e+03   3.77059400e+03   6.35166700e+03   1.35732110e+04
   5.26983300e+03   2.58752800e+03   1.78772300e+03   1.31114600e+03
   3.50356900e+03   4.57632000e+02   5.43248500e+03   2.50528200e+03
   9.02104000e+02   1.66358200e+03   3.13599300e+03   4.84662900e+03]
[  2.14923377e-01   1.62701507e-01  -1.17564480e-01  -2.17842931e-01
  -1.43645901e-01   1.48336453e-01   2.67452700e+03   1.14621140e+04
   1.82339900e+03   3.52290600e+03   3.10937000e+03   5.85248600e+03
   4.03721100e+03   4.09374100e+03   3.53477000e+03   4.12021100e+03
   8.01040000e+03   4.66220300e+03   1.75773800e+03   6.77959600e+03
   1.18211020e+04   2.59462400e+04   6.47633100e+03   3.64706100e+03
   1.74937040e+04   5.11619400e+03   6.15282100e+03   3.95815400e+03
   2.97060300e+03   3.96802300e+03   2.98205000e+03   6.04489300e+03
   3.87342000e+03   1.46918590e+04   3.66991400e+03   9.86139100e+03]
[  1.03022964e-01   3.28591247e-02   1.52012634e-02  -5.81084965e-01
  -1.47173463e-01   1.21742416e-01   1.48964100e+03   1.33249600e+03
   1.64927500e+03   1.49221100e+03   2.00912200e+03   1.66302900e+03
   2.22018300e+03   2.56889400e+03   2.17438500e+03   1.08343300e+03
   1.68271500e+03   1.25768600e+03   2.90767200e+03   1.86872000e+03
   3.79000000e+02   3.88296000e+03   0.00000000e+00   0.00000000e+00
   0.00000000e+00   0.00000000e+00   0.00000000e+00   0.00000000e+00
   0.00000000e+00   0.00000000e+00   0.00000000e+00   0.00000000e+00
   0.00000000e+00   0.00000000e+00   0.00000000e+00   0.00000000e+00]
[ 0.26953992 -0.09071989 -0.1638205   0.02503443  0.17797255 -0.27291363
  0.          0.          0.          0.          0.          0.          0.
  0.          0.          0.          0.          0.          0.          0.
  0.          0.          0.          0.          0.          0.          0.
  0.          0.          0.          0.          0.          0.          0.
  0.          0.        ]
[ -4.82729487e-02  -2.28383177e-02  -5.63534288e-01  -3.44907646e-01
   9.62435357e-02  -1.45062230e-02   1.06130150e+04]
[ -4.82729487e-02  -2.28383177e-02  -5.63534288e-01  -3.44907646e-01
   9.62435357e-02  -1.45062230e-02   3.74086020e+04]
[  2.69181568e-01   2.04193210e-02   2.53213287e-02  -5.65263339e-02
  -2.07232999e-01   4.36695092e-01   7.27884600e+03]
[  2.69181568e-01   2.04193210e-02   2.53213287e-02  -5.65263339e-02
  -2.07232999e-01   4.36695092e-01   1.63545710e+04]
[  4.63217390e-01   5.71698099e-02  -3.47627033e-01  -5.86549149e-02
  -2.99035328e-02   5.64479993e-02   2.62005900e+03]
[  4.63217390e-01   5.71698099e-02  -3.47627033e-01  -5.86549149e-02
  -2.99035328e-02   5.64479993e-02   1.17648690e+04]
[ -1.21871946e-02   1.56509959e-01  -1.93573676e-02  -1.30670351e-01
  -4.87845456e-01   2.02996060e-01   1.29975000e+03   2.29319500e+03
   3.41559400e+03   1.71373900e+03   7.41225000e+02   1.68755400e+03
   4.13136400e+03   3.80135900e+03   3.70494500e+03   2.45471400e+03
   4.57304300e+03   3.43322900e+03   3.25459700e+03   3.03363300e+03
   1.01152100e+03   2.62369600e+03   1.87359200e+03   3.91741000e+02
   1.35034500e+03   1.35165100e+03   8.25342600e+03   1.99909600e+03
   6.68325900e+03   9.63827300e+03   2.59659300e+03   5.16047400e+03
   1.93158100e+03   2.07278400e+03   3.49597000e+03   2.13340700e+03
   7.78402600e+03   4.77896700e+03   7.34258100e+03   2.36350800e+03
   4.03821100e+03   4.02536900e+03   4.31744500e+03   2.15462600e+03
   1.57347200e+03   3.99539600e+03   3.39083100e+03   3.40052000e+03
   4.20304500e+03   8.37372700e+03   3.35990300e+03   1.89600000e+03
   5.45522100e+03   1.16913270e+04   5.76520300e+03   5.18809100e+03
   3.49202300e+03]
[ -9.23504347e-02   3.69211633e-01  -2.20093443e-03  -9.78518753e-02
  -2.91494116e-01   1.29003571e-01   2.92003900e+03   1.31365900e+03
   1.93463000e+03   3.01157200e+03   2.14270200e+03   6.05343900e+03
   1.74446780e+04   1.34290500e+04   3.58196100e+03   1.02395590e+04
   1.51057600e+03   4.12549000e+02   1.49622500e+03   2.34577200e+03
   5.66828000e+02   7.46008500e+03   1.56309770e+04   2.15142100e+03
   1.31928920e+04   4.59203500e+03   3.71732900e+03   5.71569100e+03
   1.30788000e+04   3.86052500e+03   2.17255000e+03   1.91480110e+04
   3.88003900e+03   2.36972300e+03   2.33386080e+04   3.56513400e+03
   3.51125100e+03   1.43823990e+04   3.79143900e+04   1.02303680e+04
   5.01110200e+03   1.09869050e+04   2.28065120e+04   1.51934650e+04
   3.35126900e+03   1.23244820e+04   1.34388990e+04   1.82603110e+04
   7.89744100e+03   5.24155600e+03   1.23810280e+04   4.27083000e+03
   7.41182500e+03   5.43707300e+03   9.96648900e+03   6.65447300e+03
   1.55799140e+04]
[ -2.30404194e-02   8.25331397e-01  -7.86208457e-03   5.77002730e-02
   3.37642398e-02  -9.06741861e-02   7.92123200e+03   3.69568720e+04
   1.06596980e+04   4.33527400e+03   5.66905600e+03   8.29953500e+03
   3.77470800e+03   3.71962100e+03   1.95616300e+03   1.30982600e+03
   8.29072000e+03   1.07009780e+04   5.54799100e+03   6.03643100e+03
   5.80724000e+03   5.25366800e+03   6.82035100e+03   1.35985340e+04
   5.72832000e+03   3.19904200e+03   2.40374800e+03   3.26185400e+03
   4.54949300e+03   4.57632000e+02   5.43261800e+03   2.40892000e+03
   1.00495600e+03   2.16227100e+03   6.69206800e+03   3.90170700e+03
   0.00000000e+00   0.00000000e+00   0.00000000e+00   0.00000000e+00
   0.00000000e+00   0.00000000e+00   0.00000000e+00   0.00000000e+00
   0.00000000e+00   0.00000000e+00   0.00000000e+00   0.00000000e+00
   0.00000000e+00   0.00000000e+00   0.00000000e+00   0.00000000e+00
   0.00000000e+00   0.00000000e+00   0.00000000e+00   0.00000000e+00
   0.00000000e+00]
[  1.99252369e-01   1.50162095e-01  -1.27391622e-01  -2.34870886e-01
  -1.32594425e-01   1.55729682e-01   2.67452700e+03   1.14621140e+04
   1.82339900e+03   3.52290600e+03   3.10937000e+03   5.85248600e+03
   4.03721100e+03   4.08500300e+03   3.53624600e+03   4.08800200e+03
   8.01769400e+03   4.22801200e+03   1.75773800e+03   6.77959600e+03
   1.02031520e+04   2.57362390e+04   6.47633100e+03   3.62629500e+03
   1.59795770e+04   5.09962100e+03   6.15282100e+03   3.95815400e+03
   2.97060300e+03   3.96802300e+03   2.98205000e+03   6.04489300e+03
   3.87463800e+03   1.21341880e+04   3.66991200e+03   9.86142900e+03
   0.00000000e+00   0.00000000e+00   0.00000000e+00   0.00000000e+00
   0.00000000e+00   0.00000000e+00   0.00000000e+00   0.00000000e+00
   0.00000000e+00   0.00000000e+00   0.00000000e+00   0.00000000e+00
   0.00000000e+00   0.00000000e+00   0.00000000e+00   0.00000000e+00
   0.00000000e+00   0.00000000e+00   0.00000000e+00   0.00000000e+00
   0.00000000e+00]
[  8.85765901e-02   3.92812201e-02  -3.29080786e-02  -5.72768040e-01
  -2.62250644e-01  -5.20496145e-03   1.49125100e+03   1.33249600e+03
   1.64927500e+03   1.49221100e+03   2.01013300e+03   1.66302900e+03
   2.22018300e+03   2.56889400e+03   2.17438500e+03   1.08343300e+03
   1.68386800e+03   1.25768600e+03   2.90767200e+03   1.88823000e+03
   3.79000000e+02   3.87901300e+03   0.00000000e+00   0.00000000e+00
   0.00000000e+00   0.00000000e+00   0.00000000e+00   0.00000000e+00
   0.00000000e+00   0.00000000e+00   0.00000000e+00   0.00000000e+00
   0.00000000e+00   0.00000000e+00   0.00000000e+00   0.00000000e+00
   0.00000000e+00   0.00000000e+00   0.00000000e+00   0.00000000e+00
   0.00000000e+00   0.00000000e+00   0.00000000e+00   0.00000000e+00
   0.00000000e+00   0.00000000e+00   0.00000000e+00   0.00000000e+00
   0.00000000e+00   0.00000000e+00   0.00000000e+00   0.00000000e+00
   0.00000000e+00   0.00000000e+00   0.00000000e+00   0.00000000e+00
   0.00000000e+00]
[ -6.03711425e-03   1.21540798e-01   1.55572552e-03   4.47987986e-01
   2.30611900e-01   1.92286588e-01   9.16700000e+03   1.40990340e+04
   6.18200000e+03   7.84354180e+04   5.09500000e+03   8.32500000e+03
   1.95766920e+04   5.63560700e+03   2.76700000e+03   6.68080800e+03
   6.60738500e+03   1.49901560e+04   1.61188880e+04   1.27763130e+04
   8.37911000e+03   4.06500000e+03   1.06680000e+04   0.00000000e+00
   0.00000000e+00   0.00000000e+00   0.00000000e+00   0.00000000e+00
   0.00000000e+00   0.00000000e+00   0.00000000e+00   0.00000000e+00
   0.00000000e+00   0.00000000e+00   0.00000000e+00   0.00000000e+00
   0.00000000e+00   0.00000000e+00   0.00000000e+00   0.00000000e+00
   0.00000000e+00   0.00000000e+00   0.00000000e+00   0.00000000e+00
   0.00000000e+00   0.00000000e+00   0.00000000e+00   0.00000000e+00
   0.00000000e+00   0.00000000e+00   0.00000000e+00   0.00000000e+00
   0.00000000e+00   0.00000000e+00   0.00000000e+00   0.00000000e+00
   0.00000000e+00]
[ -6.58410457e-02   8.53181012e-02  -8.95002702e-02   6.98185013e-02
  -1.42413829e-01   5.47108259e-01   3.74200600e+03]
[ -6.58410457e-02   8.53181012e-02  -8.95002702e-02   6.98185013e-02
  -1.42413829e-01   5.47108259e-01   3.08037600e+03]
[  3.77057433e-02  -8.56078186e-02   3.54910288e-01   3.70540684e-01
  -1.24260880e-01   7.92289976e-03   1.89201600e+03]
[  3.77057433e-02  -8.56078186e-02   3.54910288e-01   3.70540684e-01
  -1.24260880e-01   7.92289976e-03   4.26962500e+03]
[  4.18457172e-01   2.50556299e-01   1.83476442e-01  -2.39372806e-01
   1.53947150e-01   5.70532565e-01   1.28854010e+04]
[  2.05086555e-01   8.13855644e-02  -8.67347626e-02  -3.32390223e-01
  -1.86803009e-01   1.07599875e-01   6.80487000e+02]
[  2.05086555e-01   8.13855644e-02  -8.67347626e-02  -3.32390223e-01
  -1.86803009e-01   1.07599875e-01   3.73566600e+03]
[ -8.97422586e-02  -2.21593585e-02  -8.47160272e-02  -1.94229270e-02
  -4.91878246e-01   2.92036421e-01   1.70339600e+03]
[ -8.97422586e-02  -2.21593585e-02  -8.47160272e-02  -1.94229270e-02
  -4.91878246e-01   2.92036421e-01   2.25171500e+03]
[  4.24691839e-01   9.24289755e-03  -6.62837436e-02  -3.54644223e-01
   2.03910210e-03  -7.44983828e-02   1.60029400e+03]
[  4.24691839e-01   9.24289755e-03  -6.62837436e-02  -3.54644223e-01
   2.03910210e-03  -7.44983828e-02   7.92451300e+03]
[ -9.09581431e-02   1.08190627e-02   1.41423088e-03   4.09434330e-01
   2.75442801e-01   2.11939819e-01   9.16700000e+03   1.40990340e+04
   6.18200000e+03   7.84354180e+04   5.09500000e+03   8.32500000e+03
   1.95766920e+04   5.63560700e+03   2.76700000e+03   6.68080800e+03
   6.60738500e+03   1.49901560e+04   1.61188880e+04   1.27763130e+04
   8.37911000e+03   4.06500000e+03   1.06680000e+04   0.00000000e+00
   0.00000000e+00   0.00000000e+00   0.00000000e+00   0.00000000e+00
   0.00000000e+00   0.00000000e+00   0.00000000e+00   0.00000000e+00
   0.00000000e+00   0.00000000e+00   0.00000000e+00   0.00000000e+00
   0.00000000e+00   0.00000000e+00   0.00000000e+00   0.00000000e+00
   0.00000000e+00   0.00000000e+00   0.00000000e+00   0.00000000e+00
   0.00000000e+00   0.00000000e+00   0.00000000e+00   0.00000000e+00
   0.00000000e+00   0.00000000e+00   0.00000000e+00   0.00000000e+00
   0.00000000e+00   0.00000000e+00   0.00000000e+00   0.00000000e+00
   0.00000000e+00]
[  1.58397182e-02   7.96848890e-02   2.34784459e-01   8.79926998e-01
  -1.78232654e-01   8.33295397e-01   2.27225680e+04]
[  2.98373269e-01  -3.47922565e-02  -8.63200143e-02  -4.17543412e-01
  -1.24832667e-01   5.24504431e-02   1.60161100e+03]
[  2.98373269e-01  -3.47922565e-02  -8.63200143e-02  -4.17543412e-01
  -1.24832667e-01   5.24504431e-02   7.47717600e+03]
[-0.33419941 -0.09120816 -0.11292684 -0.23935342 -0.09297549  0.12933666
  0.        ]
[-0.33419941 -0.09120816 -0.11292684 -0.23935342 -0.09297549  0.12933666
  0.        ]
[-0.47444953  0.08270698 -0.03112302  0.06759834 -0.21320836 -0.13091376
  0.        ]
[-0.47444953  0.08270698 -0.03112302  0.06759834 -0.21320836 -0.13091376
  0.        ]
[ 0.148896   -0.22530034  0.50218149 -0.07233008 -0.06202208  0.26803279
  0.        ]
[ 0.148896   -0.22530034  0.50218149 -0.07233008 -0.06202208  0.26803279
  0.        ]
[ -4.52675556e-01  -2.65225583e-01  -3.52891798e-01  -1.25910075e-01
  -3.49610835e-01  -7.39353687e-04   2.17180600e+03]
[ -4.52675556e-01  -2.65225583e-01  -3.52891798e-01  -1.25910075e-01
  -3.49610835e-01  -7.39353687e-04   1.43180360e+04]
[ -1.23548136e-02   1.55283104e-01  -1.91578525e-02  -1.29150573e-01
  -4.84168916e-01   2.00687372e-01   4.05494620e+04]
[ -1.23548136e-02   1.55283104e-01  -1.91578525e-02  -1.29150573e-01
  -4.84168916e-01   2.00687372e-01   5.15615430e+04]
[    0.        0.        0.        0.        0.        0.     1966.213]
[    0.        0.        0.        0.        0.        0.     6083.387]
[    0.        0.        0.        0.        0.        0.     1966.213]
[    0.        0.        0.        0.        0.        0.     6083.387]
[    0.        0.        0.        0.        0.        0.     1966.213]
[    0.        0.        0.        0.        0.        0.     6083.387]
[    0.        0.        0.        0.        0.        0.     1966.213]
[    0.        0.        0.        0.        0.        0.     6083.387]
[-0.1426209  -0.1147027  -0.52410283  0.1073318  -0.06934266 -0.04189911
  0.        ]
[-0.1426209  -0.1147027  -0.52410283  0.1073318  -0.06934266 -0.04189911
  0.        ]
[ -8.54246807e-01   5.60483008e-01  -2.95753391e-01   1.24885905e-01
   2.22522435e-01  -2.82067593e-01   5.24392430e+04]
[ -8.54246807e-01   5.60483008e-01  -2.95753391e-01   1.24885905e-01
   2.22522435e-01  -2.82067593e-01   5.39951600e+04]
[ 0.15838737  0.12725667  0.09526158 -0.43271569 -0.23665976  0.11743515
  0.        ]
[ 0.15838737  0.12725667  0.09526158 -0.43271569 -0.23665976  0.11743515
  0.        ]
[  1.43918455e-01   6.29040325e-01  -1.13643812e-01  -3.15755638e-01
  -8.59296632e-01   9.70023346e-02   4.10149000e+03]
[  1.43918455e-01   6.29040325e-01  -1.13643812e-01  -3.15755638e-01
  -8.59296632e-01   9.70023346e-02   2.77617900e+03]
[ -1.23895632e+00   5.11750501e-01   1.84571899e-02  -1.13610277e-01
   3.06277120e-01   3.54928196e-01   5.18796900e+03]
[ -1.23895632e+00   5.11750501e-01   1.84571899e-02  -1.13610277e-01
   3.06277120e-01   3.54928196e-01   3.92985700e+03]
[ -2.39442544e-01  -2.25668031e-01   5.71499048e-01  -8.94597008e-01
   4.08976438e-01   4.73199895e-02   4.79272100e+03]
[ -2.39442544e-01  -2.25668031e-01   5.71499048e-01  -8.94597008e-01
   4.08976438e-01   4.73199895e-02   3.99707600e+03]
[ 0.11748699  0.48775689 -0.04510504  0.06600435  0.205763    0.07788373
  1.029     ]
[ 0.11748699  0.48775689 -0.04510504  0.06600435  0.205763    0.07788373
  1.97      ]
[  3.43176929e-01   2.07022878e-01  -4.68285101e-03  -6.05839144e-02
  -2.79896469e-01  -1.04636781e-01   8.65060000e+01]
[  3.43176929e-01   2.07022878e-01  -4.68285101e-03  -6.05839144e-02
  -2.79896469e-01  -1.04636781e-01   7.07210000e+01]
[  0.23603811   0.14757709   0.13308432   0.03893575  -0.34876369
  -0.08846068   1.          19.326        3.121       10.703        1.003
   1.046        1.           1.          19.415        1.           2.237
   1.005        1.062        2.49         1.011        1.354        3.732
   1.032        1.           6.417        1.           1.402        1.
   1.032        1.013        1.           1.27         1.           1.           1.
   1.173        1.           1.286        1.015        1.           1.
   1.002        1.           1.719        1.127        1.           3.839
   1.           3.115        1.961        1.007       16.841        1.193
   2.175        1.           1.428        1.001        1.995        9.648
   1.121        1.053        1.009        1.           1.092        1.002     ]
[ -1.48997667e-02   2.31946390e-02   1.28198485e-01  -5.34543086e-01
   1.33629216e-02   2.85801338e-01   1.00000000e+00   1.04800000e+00
   1.00000000e+00   1.00000000e+00   1.00000000e+00   1.20840000e+01
   3.96000000e+00   7.38300000e+00   4.16100000e+00   2.30800000e+00
   1.00000000e+00   1.00000000e+00   1.00000000e+00   2.35400000e+00
   1.25700000e+00   1.02200000e+00   3.58100000e+00   1.01700000e+00
   1.00000000e+00   1.22800000e+00   3.88100000e+00   1.00000000e+00
   1.07400000e+00   3.92000000e+00   9.28800000e+00   1.18100000e+00
   1.90100000e+00   1.35300000e+00   7.75100000e+00   2.33000000e+00
   1.06900000e+00   1.00000000e+00   1.14800000e+00   7.61800000e+00
   7.66200000e+00   1.96200000e+00   1.29260000e+01   4.66400000e+00
   1.06300000e+00   1.00000000e+00   1.00000000e+00   4.64800000e+00
   1.99000000e+00   1.00000000e+00   1.00000000e+00   1.27200000e+00
   6.74000000e+00   1.35430000e+01   2.32400000e+00   4.44800000e+00
   1.00000000e+00   1.00000000e+00   1.00000000e+00   2.07800000e+01
   1.55100000e+00   5.45100000e+00   7.11800000e+00   1.45050000e+01
   1.24900000e+00   3.67800000e+00]
[  1.50357790e-01   2.84243006e-01   4.81917221e-03  -2.82207284e-02
   4.27708662e-01  -1.05154188e-01   1.00000000e+00   1.00000000e+00
   4.14520000e+01   1.07000000e+00   1.68100000e+00   5.69280000e+01
   1.16754000e+02   1.00000000e+00   1.00000000e+00   1.85700000e+00
   1.00000000e+00   1.02800000e+00   1.55830000e+01   1.22660000e+01
   9.95600000e+00   1.00000000e+00   1.10550000e+01   7.97900000e+00
   4.50700000e+00   4.31700000e+00   2.24200000e+00   1.00000000e+00
   1.00000000e+00   1.00600000e+00   1.00000000e+00   1.00100000e+00
   1.11100000e+00   8.30800000e+00   1.31500000e+00   9.93700000e+00
   6.62070000e+01   9.81000000e+00   3.33100000e+00   1.15500000e+00
   6.18300000e+00   1.03700000e+00   1.00000000e+00   2.87410000e+01
   1.12900000e+00   7.76900000e+00   1.90300000e+00   1.15400000e+01
   1.00000000e+00   1.03400000e+00   3.46200000e+00   6.90000000e+00
   1.00400000e+00   3.42400000e+00   1.52800000e+00   2.74100000e+00
   1.00000000e+00   1.00000000e+00   1.29210000e+01   1.00000000e+00
   5.41700000e+00   1.00100000e+00   2.78090000e+01   1.00000000e+00
   1.00000000e+00   1.00000000e+00]
[  1.30479944e-01   6.90912233e-02   4.26536227e-03  -1.28090769e-01
  -3.15299358e-01   3.52774236e-01   2.48200000e+00   1.13800000e+00
   1.42700000e+00   2.17700000e+00   4.08600000e+00   1.28300000e+00
   1.97200000e+00   3.09100000e+00   4.22500000e+00   1.53560000e+01
   1.00000000e+00   1.05000000e+00   1.00000000e+00   1.00000000e+00
   1.06200000e+00   1.00000000e+00   8.60700000e+00   1.44000000e+00
   4.73700000e+00   2.15800000e+00   7.06000000e+00   1.34100000e+00
   1.00100000e+00   9.64300000e+00   1.07100000e+00   3.35700000e+00
   1.04600000e+00   1.45600000e+00   1.50900000e+00   3.11600000e+00
   1.00000000e+00   5.61100000e+00   2.13600000e+00   3.19200000e+00
   1.14300000e+00   3.73000000e+00   1.68000000e+00   3.23490000e+01
   1.00000000e+00   6.66100000e+00   5.93700000e+00   1.00000000e+00
   6.92800000e+00   1.10200000e+00   6.44200000e+00   1.00100000e+00
   5.23400000e+00   1.00000000e+00   1.07600000e+00   4.62800000e+00
   1.17900000e+00   2.64800000e+00   1.41600000e+00   1.04300000e+00
   2.62600000e+00   8.05700000e+00   1.00000000e+00   1.19600000e+00
   2.19600000e+00   1.00000000e+00]
[-0.02785638  0.50419019  0.02088528  0.10291489  0.02487737  0.31927588
  1.148       1.551       1.          1.          1.817       1.175       1.
  1.023       1.213       1.01        1.          1.177       1.021       3.467
  1.          1.          1.          1.          1.218       1.237       1.539
  1.047       1.          1.029       1.          1.          1.          1.026
  1.          1.179       1.009       1.          2.297       1.378       1.
  1.166       1.          1.          1.019       1.006       5.763       1.084
  1.38        2.113       1.012       1.084       1.004       1.142       1.145
  1.          1.306       1.005       1.065       1.003       1.761       1.026
  1.006       1.          1.012       1.        ]
[  0.05629271   0.18017174  -0.25061783  -0.30965771  -0.10975557
  -0.0400119   11.448        3.337        2.566       10.246        3.14
   3.732        2.421        3.799        3.282        2.847        4.459
   4.163       13.857        3.135        7.053        0.           0.           0.
   0.           0.           0.           0.           0.           0.           0.
   0.           0.           0.           0.           0.           0.           0.
   0.           0.           0.           0.           0.           0.           0.
   0.           0.           0.           0.           0.           0.           0.
   0.           0.           0.           0.           0.           0.           0.
   0.           0.           0.           0.           0.           0.           0.        ]
[  0.05330872   0.08803977  -0.25132245   0.52178293   0.54371599
   0.88901277  12.552        3.078        2.75        10.416        3.259
   4.112        2.882        3.68         2.836        2.408        5.196
   3.793       17.878        3.183        6.638        0.           0.           0.
   0.           0.           0.           0.           0.           0.           0.
   0.           0.           0.           0.           0.           0.           0.
   0.           0.           0.           0.           0.           0.           0.
   0.           0.           0.           0.           0.           0.           0.
   0.           0.           0.           0.           0.           0.           0.
   0.           0.           0.           0.           0.           0.           0.        ]
[  0.77921232   0.32440328   0.08620668  -0.03699859  -0.6495565
  -0.3818314    3.523        3.462        2.823       11.374        3.58
   3.992        2.9          2.567        3.524        2.313        4.788
   4.259       13.247        3.534        6.389        0.           0.           0.
   0.           0.           0.           0.           0.           0.           0.
   0.           0.           0.           0.           0.           0.           0.
   0.           0.           0.           0.           0.           0.           0.
   0.           0.           0.           0.           0.           0.           0.
   0.           0.           0.           0.           0.           0.           0.
   0.           0.           0.           0.           0.           0.           0.        ]
[  0.46630403   0.05029272   0.15675781  -0.06098511  -0.03312839
   0.24015383   3.637        3.485        2.754       12.118        3.627
   4.177        3.619        2.643        2.97         2.413        8.159
   4.2         11.127        3.193        9.518        0.           0.           0.
   0.           0.           0.           0.           0.           0.           0.
   0.           0.           0.           0.           0.           0.           0.
   0.           0.           0.           0.           0.           0.           0.
   0.           0.           0.           0.           0.           0.           0.
   0.           0.           0.           0.           0.           0.           0.
   0.           0.           0.           0.           0.           0.           0.        ]
[  2.63240209e-01   2.61848609e-02   4.27588419e-02  -6.06850982e-01
   7.84559451e-03  -5.79178882e-02   3.89200000e+00   3.47600000e+00
   2.77000000e+00   1.17350000e+01   3.94200000e+00   4.27200000e+00
   3.85700000e+00   2.55000000e+00   3.11200000e+00   2.42400000e+00
   8.11900000e+00   4.26300000e+00   9.81500000e+00   2.03400000e+00
   9.48400000e+00   0.00000000e+00   0.00000000e+00   0.00000000e+00
   0.00000000e+00   0.00000000e+00   0.00000000e+00   0.00000000e+00
   0.00000000e+00   0.00000000e+00   0.00000000e+00   0.00000000e+00
   0.00000000e+00   0.00000000e+00   0.00000000e+00   0.00000000e+00
   0.00000000e+00   0.00000000e+00   0.00000000e+00   0.00000000e+00
   0.00000000e+00   0.00000000e+00   0.00000000e+00   0.00000000e+00
   0.00000000e+00   0.00000000e+00   0.00000000e+00   0.00000000e+00
   0.00000000e+00   0.00000000e+00   0.00000000e+00   0.00000000e+00
   0.00000000e+00   0.00000000e+00   0.00000000e+00   0.00000000e+00
   0.00000000e+00   0.00000000e+00   0.00000000e+00   0.00000000e+00
   0.00000000e+00   0.00000000e+00   0.00000000e+00   0.00000000e+00
   0.00000000e+00   0.00000000e+00]
[  0.16855506   0.14113542  -0.13854285   0.09369574  -0.07186118
   0.38620737  11.169        3.35         2.81        10.448        3.489
   4.259        2.664        2.59         3.033        2.629        4.09
   3.383       10.981        2.129        7.01         0.           0.           0.
   0.           0.           0.           0.           0.           0.           0.
   0.           0.           0.           0.           0.           0.           0.
   0.           0.           0.           0.           0.           0.           0.
   0.           0.           0.           0.           0.           0.           0.
   0.           0.           0.           0.           0.           0.           0.
   0.           0.           0.           0.           0.           0.           0.        ]
[ 0.19564552  0.07195799  0.53080114  0.8145609   0.12862903  1.65175598
  2.6       ]
[ 0.19564552  0.07195799  0.53080114  0.8145609   0.12862903  1.65175598
  4.133     ]
